NlmPy applications/DEM.asc
ncols         400
nrows         400
xllcorner     1297000
yllcorner     5048000
cellsize      50
NODATA_value  -9999
[rows 82 to 122 of 400, columns 276 to 367 of 400]
646 623 598 570 545 519 493 487 505 523 535 550 575 603 633 666 706 752 783 802 813 816 830 844 861 882 897 914 940 966 972 954 932 913 890 866 846 828 809 786 765 748 728 704 683 666 650 634 620 606 595 583 566 560 575 600 624 649 677 701 731 761 780 801 823 853 892 946 983 985 981 983 986 988 988 990 995 998 1004 1014 1016 1016 1028 1038 1061 1085 1080 1072 1079 1083 1068 1058
643 623 599 573 548 524 498 481 487 504 523 547 576 604 632 661 693 728 755 771 779 781 791 805 827 843 866 902 929 950 963 950 926 904 884 860 838 816 797 773 750 734 716 692 667 650 634 617 599 580 568 563 560 564 586 617 640 660 697 733 761 787 807 833 854 878 919 973 1008 1010 1007 1009 1012 1008 998 991 987 977 972 976 976 979 997 1018 1045 1052 1032 1020 1035 1047 1031 1019
630 610 589 565 541 518 494 479 481 503 531 557 586 614 641 663 684 705 720 733 744 746 754 771 795 816 850 887 911 938 957 945 920 899 880 858 834 807 784 760 737 718 704 685 659 639 620 601 580 562 556 560 569 584 610 640 664 678 708 749 785 814 841 867 887 907 944 996 1028 1032 1024 1016 1012 1000 979 963 955 943 932 931 934 947 972 1003 1019 1010 992 977 991 1010 997 982
622 600 580 556 533 511 488 478 483 501 524 554 584 610 633 653 668 676 680 690 705 712 727 757 790 822 852 881 909 944 962 944 920 898 876 852 828 803 779 756 730 706 688 673 656 635 613 590 567 550 557 577 599 622 645 666 695 713 726 756 802 843 874 903 924 939 969 1013 1027 1018 1007 997 987 973 949 930 917 904 893 892 903 931 966 988 985 974 959 947 961 983 971 950
616 593 573 548 526 502 481 479 489 500 510 536 567 594 614 630 640 642 646 656 673 694 726 769 809 843 872 899 928 960 965 943 919 897 873 850 826 801 776 755 731 707 683 662 647 627 605 581 557 546 564 593 622 652 679 699 729 751 763 780 812 858 900 935 962 976 990 1006 1000 982 972 970 959 941 918 897 882 867 853 857 886 928 958 957 945 935 921 909 924 952 943 917
611 588 566 541 517 492 477 478 496 515 524 532 550 573 590 600 609 616 630 652 677 707 740 774 809 842 875 914 948 964 953 933 913 893 871 850 825 800 774 751 730 707 683 659 640 619 599 573 549 549 575 606 635 668 703 731 756 781 809 820 831 870 916 958 987 994 991 980 962 945 935 940 932 911 887 864 848 833 821 837 879 922 941 927 912 899 879 864 884 916 909 883
597 583 561 534 508 484 472 473 491 520 539 544 548 561 573 584 598 615 642 670 699 734 763 787 811 839 875 923 957 958 940 920 901 881 859 839 817 794 769 744 721 698 678 658 638 619 597 569 546 552 584 616 642 677 716 749 775 803 839 859 866 893 934 969 989 981 966 948 929 911 901 906 904 881 857 835 816 800 796 826 874 909 911 892 877 863 839 829 859 893 884 856
570 565 556 533 504 479 467 467 482 512 539 551 562 575 583 595 608 627 654 682 715 752 784 809 831 854 889 931 955 948 926 905 884 859 837 819 797 773 752 730 707 684 665 646 626 609 588 561 545 560 591 620 647 681 721 756 788 821 856 885 900 916 945 965 970 956 934 914 896 880 868 871 872 851 831 808 786 770 779 818 867 889 872 850 835 821 804 805 841 877 870 840
549 543 541 534 510 482 464 461 472 500 528 549 568 588 600 614 627 641 661 686 713 742 773 801 825 855 898 932 937 918 899 884 864 839 820 800 776 753 733 713 690 667 646 626 607 591 569 549 555 582 607 632 660 691 726 760 796 833 869 898 913 920 929 935 938 930 907 882 864 851 839 842 843 828 807 781 757 746 768 810 855 868 843 820 804 789 775 785 826 865 863 834
561 545 531 526 514 486 463 458 463 485 517 544 565 588 607 624 640 652 664 678 693 717 748 782 809 844 890 914 902 880 866 857 840 821 806 785 763 742 722 700 677 653 633 611 591 570 550 552 579 610 632 655 680 708 737 767 802 841 875 894 896 894 894 896 900 899 883 859 838 823 812 810 813 801 779 754 729 726 761 806 848 857 831 804 784 765 752 769 806 845 855 830
593 567 540 519 507 489 465 458 459 474 506 536 558 580 601 620 632 636 645 657 674 702 736 771 800 835 876 888 871 852 838 828 813 798 782 763 744 726 708 687 665 642 620 596 573 551 547 573 608 636 659 681 704 728 752 779 808 847 876 878 867 861 862 864 866 866 860 844 820 800 785 775 774 766 748 726 705 711 751 802 840 848 824 790 764 739 730 753 783 816 833 815
618 587 557 527 505 491 469 458 458 469 497 524 549 578 600 609 611 613 627 647 671 700 732 762 790 823 856 862 845 829 816 805 789 771 752 734 716 701 685 668 649 626 603 578 552 538 564 603 628 652 681 706 727 745 764 789 816 845 863 855 840 830 830 835 836 836 835 829 806 781 761 744 738 733 719 699 686 700 731 775 807 820 809 775 745 717 710 732 756 779 788 780
633 604 575 543 515 495 472 459 458 465 487 512 544 579 597 591 589 603 623 644 669 695 723 748 775 805 834 840 827 812 797 782 764 744 726 711 694 677 663 649 631 609 585 558 535 550 604 644 658 673 699 725 744 759 775 798 818 827 831 828 817 803 798 803 807 808 806 807 795 768 743 721 706 700 688 672 671 685 701 736 765 782 778 755 730 704 691 705 726 740 740 735
636 616 587 555 526 503 476 460 457 461 478 506 538 574 586 574 577 597 615 635 660 685 709 730 754 784 812 820 810 794 777 761 742 722 707 693 675 659 645 630 611 588 564 538 534 577 634 672 688 701 722 747 768 781 789 798 799 797 797 796 789 775 770 776 780 781 778 783 784 761 733 706 684 667 652 653 660 658 661 687 714 728 731 721 705 685 668 674 689 700 702 698
619 607 587 557 528 504 477 460 457 460 474 498 527 559 570 561 568 585 604 626 649 671 692 711 733 763 792 801 790 773 755 738 719 702 688 672 654 640 625 610 586 561 542 528 547 595 639 674 702 725 749 773 791 793 784 775 768 765 764 763 757 745 743 751 756 756 752 759 771 757 729 698 669 637 618 628 633 620 620 634 645 650 668 677 665 653 643 637 642 655 661 659
597 588 573 549 524 501 474 459 457 458 464 478 504 532 547 545 556 572 592 614 635 654 673 694 718 752 781 787 771 752 734 714 696 680 663 649 634 618 603 585 561 536 522 529 570 619 657 684 709 737 767 789 794 780 761 748 740 737 734 732 727 719 719 726 729 730 727 733 749 750 727 696 662 624 594 584 582 577 581 591 591 589 600 618 619 611 607 606 602 608 614 610
572 566 555 537 517 497 472 458 456 457 458 462 480 506 520 527 545 559 578 601 619 637 655 680 709 742 770 773 755 736 716 693 675 657 639 627 613 598 581 564 542 519 516 541 585 632 674 712 738 756 779 791 782 761 739 725 716 709 705 703 699 694 695 703 706 707 702 705 719 732 722 692 657 621 584 553 535 535 545 557 553 547 549 560 571 569 566 573 573 571 571 569
542 537 531 518 502 486 467 457 455 455 456 458 467 488 501 517 535 548 566 587 604 621 642 667 693 721 748 758 741 716 691 667 648 633 617 603 590 576 560 540 518 508 524 559 601 655 706 747 760 764 770 770 758 737 719 707 697 688 681 678 673 667 669 678 683 683 679 678 686 701 707 685 651 614 579 543 513 509 519 529 527 522 522 526 533 535 531 537 543 539 536 536
506 501 497 491 482 469 459 455 454 454 455 457 463 478 491 512 528 542 559 575 590 607 628 651 674 700 731 741 720 689 663 641 624 608 590 577 566 553 538 516 506 518 547 583 631 695 750 770 760 748 742 738 725 710 698 689 682 672 661 654 649 644 645 653 658 660 656 654 654 657 668 665 637 602 571 539 509 503 513 517 516 516 518 521 520 520 519 520 522 521 522 524
476 470 466 464 461 457 455 454 453 454 455 457 460 469 485 505 524 541 555 568 580 594 615 639 664 694 723 723 695 667 646 624 604 583 566 558 547 535 517 506 521 549 575 610 666 743 774 763 745 725 713 707 698 687 675 667 659 650 641 635 630 624 624 628 633 636 632 625 619 611 613 623 611 584 560 532 507 505 519 520 516 519 527 533 531 529 529 527 526 530 538 544
451 447 447 450 452 453 453 453 454 454 455 456 458 464 481 502 522 537 550 561 572 588 613 641 670 698 713 699 672 653 636 614 590 566 551 542 534 520 504 513 546 577 605 638 696 770 776 750 730 710 695 684 676 668 657 646 636 628 621 618 612 605 602 602 604 606 605 596 586 573 568 574 575 560 537 515 507 519 535 534 530 535 545 548 548 548 549 549 551 559 569 575
440 439 444 450 453 454 454 454 455 456 456 456 457 462 475 496 515 527 540 553 568 591 621 654 684 700 692 672 652 637 620 600 575 552 535 527 521 504 494 525 567 600 632 666 715 776 779 752 726 701 683 669 656 646 639 630 617 607 602 598 590 584 582 579 575 574 575 568 553 537 528 530 531 524 513 508 522 543 553 552 556 559 561 560 560 562 564 567 572 579 589 595
438 441 451 459 461 460 458 457 459 459 457 457 457 460 469 486 503 516 530 546 568 595 629 665 692 693 672 651 631 612 595 578 558 537 519 507 499 488 495 542 594 630 661 698 730 762 767 751 725 697 676 658 641 626 616 610 597 582 574 569 565 564 562 557 549 542 543 540 522 508 503 503 504 507 515 525 537 555 565 562 567 573 573 574 575 575 576 579 585 592 601 606
444 456 469 476 477 474 470 471 475 467 459 457 457 458 462 475 495 510 524 542 569 599 633 668 692 685 660 636 612 588 567 551 536 520 503 488 484 491 518 571 623 660 686 707 715 720 724 726 719 696 672 650 630 614 599 587 575 557 544 537 539 542 537 530 521 513 513 512 503 498 500 505 512 523 538 547 546 555 572 571 572 584 590 592 593 594 595 597 600 605 610 615
464 485 500 504 503 498 494 497 497 479 462 459 458 458 458 465 480 495 512 535 566 599 635 669 685 670 643 616 589 564 539 519 507 496 488 488 503 525 557 604 641 661 675 673 668 671 670 682 701 689 664 639 618 601 583 568 552 532 518 511 512 514 511 506 502 499 499 499 498 498 505 518 528 540 551 558 554 556 574 582 579 592 607 612 612 613 616 619 621 623 624 629
485 510 528 533 530 521 516 513 503 485 469 468 461 458 458 459 464 476 496 522 552 591 637 668 669 646 617 591 563 538 514 495 485 483 494 515 542 567 593 623 629 623 623 621 618 622 621 632 664 669 647 621 602 584 566 550 531 512 500 496 496 497 497 497 496 496 496 497 497 501 515 529 538 550 565 573 562 558 577 592 588 596 621 631 632 634 639 643 645 643 644 648
502 527 549 555 547 537 525 507 492 485 486 488 471 459 458 458 458 463 480 506 533 573 620 651 655 632 602 578 550 524 501 483 481 494 522 553 579 601 613 614 596 580 573 569 566 569 575 591 628 643 622 596 578 562 547 531 513 496 490 490 490 492 494 495 496 497 497 499 504 515 532 543 552 568 591 597 579 566 584 607 607 604 626 649 656 664 670 672 671 665 666 667
524 549 567 564 548 533 515 497 489 497 508 509 488 467 459 458 458 459 466 484 507 544 583 612 635 625 600 574 545 518 495 479 484 504 535 562 590 609 610 593 569 551 540 532 527 527 536 563 603 617 598 575 557 541 528 512 496 485 483 484 486 490 494 499 504 506 507 515 529 544 559 565 575 597 623 627 605 582 594 626 632 619 625 648 669 690 701 700 693 686 688 686
542 568 576 562 543 524 510 505 509 518 527 528 509 485 467 460 458 458 459 466 479 507 540 560 590 604 592 565 536 510 485 473 476 488 507 525 550 576 584 567 546 530 518 508 499 496 504 536 583 595 577 557 538 522 507 491 483 480 480 481 485 491 499 511 523 530 535 544 560 577 585 590 604 630 650 644 616 589 599 639 652 631 623 639 665 692 715 723 719 712 709 702
555 578 576 558 542 524 517 525 536 545 553 552 529 505 486 471 461 458 458 459 462 474 497 512 527 552 562 547 523 497 473 464 470 475 479 486 499 522 537 530 517 508 497 487 484 484 485 505 546 559 546 528 511 498 487 482 481 481 482 485 489 496 512 531 545 557 564 572 590 608 613 619 636 658 663 643 612 591 605 645 667 649 630 635 655 682 711 734 747 744 732 720
568 590 582 561 543 526 526 544 562 575 581 575 550 525 507 490 472 460 458 458 458 460 469 481 490 506 521 519 501 477 465 469 483 486 480 478 479 485 493 493 488 485 481 482 496 505 490 487 506 517 507 495 487 485 490 497 496 492 495 499 502 513 537 559 571 582 587 596 617 636 642 652 670 678 660 630 603 598 618 650 677 671 647 638 647 671 703 737 764 770 756 744
587 607 594 567 545 528 536 566 588 600 602 593 568 544 525 507 487 467 459 458 458 458 460 464 469 476 487 489 474 465 475 489 504 509 502 494 487 481 479 478 480 486 491 502 526 531 504 484 483 487 484 485 494 510 525 527 520 514 517 519 524 539 562 584 599 606 610 624 645 657 669 689 699 686 654 624 606 614 635 660 687 692 670 653 649 662 692 728 760 778 778 773
607 622 603 575 550 534 544 580 607 617 619 608 582 559 541 520 499 476 462 459 458 458 458 459 460 461 464 464 461 473 497 511 520 528 530 525 514 498 487 488 498 518 530 540 554 543 514 490 484 488 496 513 536 555 558 549 541 538 538 541 550 565 585 605 623 630 637 654 667 679 702 721 711 681 650 623 615 631 651 673 696 707 694 675 664 661 680 711 744 774 795 803
624 631 607 582 558 541 549 584 615 631 634 621 597 576 556 534 512 489 471 461 459 459 459 459 459 459 459 460 467 488 515 527 533 541 548 550 543 527 515 523 539 556 569 578 572 549 522 506 508 517 534 559 582 587 577 568 562 560 558 562 572 586 605 628 646 655 666 676 687 710 734 731 704 669 640 621 625 644 664 683 705 719 714 698 681 669 678 703 734 768 802 825
638 636 610 588 565 548 557 589 623 646 651 636 613 590 566 546 527 510 489 473 466 464 466 471 471 468 468 474 490 516 539 545 548 554 562 569 567 555 547 561 575 591 607 606 583 553 533 536 548 559 577 603 622 613 599 590 582 580 582 585 592 603 620 647 669 679 688 698 716 743 746 725 694 657 631 623 636 658 678 694 714 734 738 723 702 682 683 702 731 765 799 832
652 640 617 595 572 556 569 602 636 664 665 646 622 597 573 553 541 536 516 499 490 480 480 495 497 493 496 506 525 552 567 568 568 573 580 586 586 579 576 593 609 626 636 620 588 558 547 564 586 602 617 640 653 639 626 615 603 601 605 608 613 623 639 664 690 705 712 727 750 760 744 717 687 654 634 635 648 669 692 711 731 752 760 745 722 697 689 704 731 765 796 828
664 646 624 601 578 562 579 617 653 678 671 649 627 602 578 560 557 559 546 530 519 503 495 515 525 527 534 544 561 585 594 592 593 597 604 606 607 605 605 623 645 656 648 623 593 569 558 569 603 636 658 674 681 665 649 635 623 622 627 631 639 650 662 683 713 735 746 766 776 765 738 711 684 655 641 649 662 676 698 726 750 769 779 766 744 720 701 706 730 762 790 817
663 643 623 602 581 567 588 631 671 690 676 652 630 607 584 576 580 580 568 556 544 523 509 523 548 564 573 576 589 613 621 619 621 628 633 634 636 636 635 645 668 671 651 624 600 584 573 572 604 649 683 703 707 691 671 655 645 646 652 657 667 675 684 706 738 762 779 792 786 763 735 710 684 657 649 662 679 690 705 729 756 782 797 793 775 750 722 711 727 753 778 804
652 634 615 596 581 578 603 643 684 698 681 655 633 612 598 601 607 603 591 577 562 542 524 526 555 588 605 608 620 643 651 648 652 659 661 663 666 667 665 669 682 676 653 630 611 598 588 582 602 646 684 708 716 710 694 679 669 671 676 680 689 695 710 738 762 783 801 803 785 759 734 712 685 659 658 672 689 709 725 739 757 784 808 816 800 772 746 728 729 743 765 792
636 619 601 587 583 593 619 653 690 702 682 657 635 621 619 629 636 632 619 604 588 567 545 537 562 602 630 645 662 679 683 679 682 687 689 694 699 700 698 697 699 684 662 644 628 616 607 597 599 628 663 685 700 714 718 710 699 694 694 700 711 720 742 772 789 803 814 804 782 757 735 714 686 663 667 684 698 721 748 765 773 788 815 832 818 793 774 757 748 751 761 783
621 605 593 595 603 615 638 663 696 707 686 664 647 640 646 656 662 656 644 633 619 596 570 551 566 606 641 666 691 713 717 712 713 720 723 729 736 740 736 727 720 703 684 669 652 637 626 614 603 607 628 651 674 702 730 743 734 720 718 728 738 750 774 806 822 825 820 805 784 760 737 714 687 670 679 698 713 730 757 784 798 806 825 844 842 822 804 786 775 772 771 783
