NlmPy applications/DEM.asc
ncols         400
nrows         400
xllcorner     1297000
yllcorner     5048000
cellsize      50
NODATA_value  -9999
[rows 287 to 327 of 400, columns 276 to 367 of 400]
873 882 902 917 916 911 922 950 974 992 1007 1027 1049 1068 1089 1114 1140 1161 1179 1188 1197 1211 1226 1244 1264 1272 1263 1248 1234 1220 1205 1187 1173 1161 1152 1143 1130 1114 1097 1084 1089 1111 1127 1141 1157 1168 1174 1176 1176 1173 1167 1168 1190 1215 1226 1231 1242 1258 1276 1289 1296 1299 1300 1300 1301 1300 1298 1292 1285 1281 1279 1274 1267 1261 1257 1255 1252 1247 1237 1227 1216 1203 1188 1176 1167 1154 1138 1123 1110 1097 1083 1073
855 869 881 878 873 876 900 947 984 1005 1020 1039 1060 1083 1102 1120 1141 1158 1167 1169 1177 1195 1209 1225 1246 1263 1260 1246 1232 1219 1206 1194 1181 1170 1160 1151 1139 1125 1106 1092 1102 1124 1136 1152 1172 1184 1192 1194 1195 1192 1187 1184 1195 1219 1238 1250 1259 1271 1286 1297 1303 1305 1305 1305 1304 1303 1301 1295 1286 1280 1277 1273 1266 1256 1245 1239 1238 1235 1227 1215 1203 1191 1179 1170 1162 1150 1135 1122 1109 1094 1075 1063
850 856 851 842 843 862 900 947 992 1022 1041 1058 1077 1097 1110 1118 1133 1147 1148 1146 1155 1175 1191 1208 1231 1253 1258 1246 1233 1221 1210 1201 1189 1175 1164 1154 1144 1129 1108 1102 1122 1145 1150 1162 1184 1201 1209 1210 1210 1209 1205 1202 1204 1217 1239 1261 1275 1285 1296 1303 1307 1310 1310 1307 1303 1300 1296 1289 1280 1271 1266 1264 1260 1251 1236 1223 1219 1217 1212 1205 1194 1182 1170 1162 1155 1146 1133 1120 1107 1089 1067 1051
839 833 819 822 841 875 914 954 993 1032 1054 1067 1077 1083 1085 1090 1111 1128 1126 1123 1138 1160 1179 1197 1221 1246 1259 1254 1242 1228 1217 1208 1194 1179 1167 1157 1146 1125 1104 1110 1135 1159 1164 1171 1192 1214 1225 1226 1225 1223 1222 1223 1222 1224 1238 1261 1278 1290 1301 1307 1312 1314 1313 1309 1303 1296 1288 1280 1271 1262 1256 1251 1248 1245 1232 1213 1202 1198 1195 1191 1186 1175 1160 1148 1141 1134 1126 1115 1103 1086 1065 1046
818 807 804 827 858 894 929 969 1002 1030 1041 1049 1049 1048 1049 1062 1089 1102 1101 1105 1129 1152 1170 1188 1214 1242 1261 1265 1256 1242 1230 1219 1204 1190 1177 1164 1145 1118 1104 1120 1147 1173 1184 1182 1197 1220 1234 1239 1238 1236 1237 1241 1242 1239 1243 1258 1275 1289 1301 1310 1316 1320 1318 1313 1306 1298 1288 1279 1272 1265 1257 1246 1238 1235 1228 1211 1194 1184 1178 1173 1170 1165 1152 1135 1123 1117 1111 1105 1096 1085 1066 1044
793 788 805 839 873 907 938 967 988 1000 1006 1017 1012 1009 1016 1039 1061 1065 1070 1090 1118 1138 1161 1184 1208 1236 1259 1273 1269 1255 1242 1231 1216 1199 1182 1163 1138 1112 1108 1131 1161 1189 1206 1203 1207 1224 1239 1248 1251 1251 1253 1259 1261 1257 1255 1266 1280 1294 1305 1316 1323 1326 1324 1319 1312 1304 1295 1286 1279 1271 1261 1248 1235 1226 1219 1210 1196 1181 1167 1156 1150 1149 1142 1128 1110 1098 1092 1089 1085 1075 1058 1036
773 783 812 847 881 914 936 943 947 957 965 973 970 972 990 1014 1024 1023 1037 1067 1097 1123 1154 1185 1208 1235 1260 1277 1277 1262 1249 1238 1219 1198 1177 1154 1130 1110 1114 1138 1168 1200 1222 1223 1220 1229 1242 1254 1262 1266 1270 1276 1277 1272 1268 1277 1292 1305 1315 1324 1330 1333 1331 1326 1319 1310 1301 1293 1286 1276 1265 1252 1239 1226 1213 1203 1198 1186 1168 1149 1135 1127 1121 1115 1100 1077 1065 1066 1065 1058 1045 1026
762 788 825 860 889 909 918 913 905 917 921 924 930 947 972 983 982 984 1007 1042 1075 1111 1148 1185 1215 1246 1269 1282 1280 1264 1250 1238 1216 1194 1172 1151 1129 1115 1122 1142 1170 1204 1233 1243 1241 1243 1249 1259 1271 1279 1283 1288 1289 1285 1283 1290 1302 1315 1325 1333 1338 1339 1337 1331 1324 1314 1304 1297 1289 1281 1269 1256 1243 1230 1214 1199 1194 1188 1171 1151 1133 1113 1097 1090 1081 1058 1040 1040 1042 1039 1031 1015
760 793 839 885 904 897 890 888 873 878 883 891 915 939 951 947 944 957 989 1021 1057 1095 1133 1172 1210 1248 1275 1287 1282 1264 1246 1229 1208 1186 1164 1146 1129 1121 1129 1146 1172 1208 1243 1261 1265 1264 1264 1268 1278 1288 1294 1298 1300 1299 1299 1302 1310 1321 1332 1340 1344 1343 1339 1332 1324 1312 1300 1292 1287 1280 1270 1258 1246 1232 1214 1193 1186 1186 1177 1159 1139 1113 1086 1067 1055 1038 1018 1013 1016 1015 1009 994
757 786 827 872 886 868 849 845 837 840 854 879 911 922 915 914 929 956 989 1021 1058 1093 1123 1156 1197 1236 1269 1291 1284 1264 1243 1223 1202 1181 1161 1144 1129 1124 1136 1154 1177 1209 1241 1267 1281 1284 1282 1283 1288 1296 1304 1309 1312 1313 1313 1314 1319 1327 1336 1342 1344 1341 1335 1328 1319 1307 1294 1285 1280 1274 1266 1257 1245 1231 1210 1185 1176 1182 1180 1164 1139 1113 1087 1061 1039 1021 1001 990 991 990 983 968
742 768 796 819 826 819 806 800 809 827 845 867 887 890 889 908 943 976 1007 1040 1073 1107 1132 1155 1184 1215 1253 1287 1285 1267 1247 1227 1208 1188 1171 1156 1136 1128 1141 1159 1182 1209 1234 1261 1285 1298 1300 1300 1302 1307 1314 1318 1321 1323 1324 1326 1329 1331 1337 1340 1340 1335 1329 1322 1312 1300 1287 1276 1270 1265 1258 1250 1240 1224 1201 1175 1164 1171 1176 1160 1134 1109 1086 1064 1043 1023 1003 982 971 967 960 944
722 745 770 773 769 770 768 771 792 813 828 844 861 871 887 920 962 1000 1035 1065 1090 1119 1146 1169 1187 1207 1239 1276 1286 1273 1254 1236 1218 1200 1188 1171 1146 1132 1141 1158 1180 1206 1230 1255 1278 1296 1309 1315 1316 1320 1323 1325 1325 1327 1329 1333 1336 1335 1334 1334 1331 1326 1320 1314 1304 1293 1280 1266 1258 1253 1246 1239 1230 1211 1187 1164 1149 1152 1165 1158 1134 1111 1087 1067 1051 1033 1010 984 963 953 941 924
708 725 740 733 730 738 750 765 783 801 820 840 859 879 901 934 979 1019 1055 1082 1106 1127 1153 1182 1203 1220 1246 1278 1292 1282 1264 1246 1229 1216 1201 1179 1153 1139 1142 1153 1173 1196 1219 1239 1260 1280 1301 1318 1326 1331 1331 1328 1326 1325 1323 1324 1330 1332 1329 1325 1319 1312 1307 1302 1295 1287 1275 1262 1253 1245 1240 1232 1220 1200 1177 1153 1132 1129 1146 1148 1132 1112 1089 1069 1053 1035 1009 988 969 953 935 913
698 708 710 710 722 746 770 787 802 816 830 847 871 895 918 944 980 1016 1050 1072 1095 1115 1137 1170 1203 1232 1263 1289 1298 1290 1274 1256 1239 1221 1198 1172 1150 1146 1155 1161 1169 1186 1204 1223 1243 1263 1286 1310 1327 1335 1333 1327 1322 1316 1306 1301 1306 1314 1317 1315 1306 1294 1289 1286 1281 1275 1268 1262 1254 1246 1238 1226 1212 1194 1172 1144 1117 1110 1125 1134 1128 1112 1091 1072 1053 1033 1011 995 979 960 938 914
686 690 696 712 736 767 797 816 829 844 854 866 886 907 930 953 977 1001 1026 1050 1075 1099 1121 1149 1182 1218 1254 1286 1298 1294 1277 1255 1234 1210 1183 1161 1151 1160 1174 1181 1182 1189 1204 1219 1235 1254 1277 1302 1322 1330 1330 1323 1311 1297 1284 1279 1282 1291 1301 1303 1295 1280 1270 1264 1258 1253 1249 1248 1245 1237 1222 1204 1190 1178 1161 1135 1107 1094 1107 1120 1123 1114 1094 1071 1053 1038 1021 1005 988 968 945 922
674 682 703 728 754 787 823 844 855 869 882 892 906 922 941 962 981 1002 1023 1046 1071 1096 1118 1142 1169 1200 1238 1272 1294 1293 1273 1246 1221 1195 1171 1160 1165 1179 1195 1204 1205 1209 1219 1232 1246 1260 1277 1300 1319 1327 1327 1317 1297 1276 1264 1258 1260 1272 1286 1292 1284 1268 1252 1241 1234 1227 1224 1226 1226 1220 1202 1181 1166 1158 1148 1127 1098 1079 1088 1103 1117 1115 1099 1079 1062 1049 1033 1016 998 977 954 933
668 686 713 739 766 802 843 867 879 894 907 918 930 945 963 979 999 1021 1040 1060 1087 1110 1127 1149 1170 1197 1235 1265 1290 1291 1270 1243 1213 1182 1165 1169 1184 1198 1214 1224 1226 1229 1236 1250 1266 1278 1289 1305 1320 1328 1326 1311 1288 1265 1248 1239 1241 1254 1273 1281 1276 1260 1242 1225 1212 1201 1199 1204 1205 1201 1190 1171 1149 1136 1127 1112 1089 1066 1065 1086 1111 1113 1101 1087 1074 1057 1038 1021 1002 984 964 942
667 696 724 749 774 809 849 880 900 917 930 944 958 971 986 1003 1031 1057 1071 1089 1115 1137 1152 1170 1187 1209 1247 1279 1297 1290 1267 1241 1210 1178 1169 1182 1201 1216 1232 1243 1247 1250 1255 1266 1283 1298 1308 1319 1329 1336 1332 1316 1290 1264 1243 1228 1224 1234 1251 1265 1268 1255 1236 1216 1197 1179 1172 1179 1180 1175 1167 1153 1135 1118 1107 1096 1079 1056 1046 1066 1095 1103 1092 1082 1072 1057 1037 1020 1002 986 967 948
681 710 737 764 790 821 856 888 919 941 954 968 979 992 1009 1029 1061 1094 1110 1125 1144 1166 1186 1198 1208 1224 1262 1296 1305 1292 1268 1239 1209 1183 1177 1193 1215 1233 1249 1260 1265 1268 1273 1281 1299 1318 1327 1333 1343 1351 1344 1327 1295 1264 1241 1221 1209 1211 1226 1242 1251 1246 1227 1204 1183 1163 1149 1149 1150 1142 1135 1128 1117 1104 1095 1087 1073 1051 1034 1048 1077 1086 1073 1063 1060 1050 1034 1017 1001 984 967 949
708 730 753 782 810 840 869 903 940 965 977 989 1001 1017 1039 1062 1091 1127 1149 1162 1173 1191 1211 1219 1228 1244 1276 1308 1312 1295 1268 1240 1211 1188 1184 1202 1226 1248 1266 1276 1281 1285 1291 1298 1315 1335 1344 1348 1356 1358 1345 1326 1294 1261 1237 1214 1195 1190 1201 1218 1232 1233 1214 1190 1169 1150 1134 1126 1119 1110 1104 1101 1097 1088 1081 1076 1066 1045 1024 1032 1058 1064 1052 1044 1042 1036 1022 1009 996 981 965 947
732 753 774 803 831 860 887 923 960 984 1002 1021 1040 1059 1079 1100 1124 1156 1183 1194 1198 1211 1230 1240 1250 1262 1286 1314 1316 1294 1266 1240 1213 1191 1190 1210 1235 1260 1280 1293 1298 1303 1308 1316 1332 1351 1361 1361 1360 1353 1331 1308 1285 1256 1232 1207 1183 1172 1181 1196 1211 1219 1204 1180 1162 1145 1130 1116 1101 1087 1079 1076 1076 1075 1070 1065 1058 1040 1018 1016 1037 1044 1036 1029 1025 1019 1006 994 987 979 964 946
744 771 795 817 841 872 906 941 970 992 1013 1028 1043 1069 1100 1126 1148 1180 1208 1213 1211 1222 1247 1268 1282 1290 1302 1323 1319 1292 1267 1245 1220 1198 1199 1219 1244 1269 1291 1306 1314 1320 1326 1337 1357 1371 1372 1360 1348 1332 1306 1285 1269 1249 1225 1200 1174 1159 1165 1180 1193 1205 1198 1176 1160 1145 1131 1118 1104 1088 1070 1058 1056 1062 1062 1055 1048 1035 1013 1002 1016 1026 1021 1016 1012 1007 996 984 976 971 959 942
735 763 784 804 831 868 909 940 955 967 985 991 1000 1037 1073 1105 1137 1180 1208 1202 1190 1197 1229 1267 1297 1314 1325 1335 1322 1295 1273 1253 1230 1208 1205 1224 1249 1274 1299 1318 1331 1338 1345 1360 1379 1383 1369 1348 1327 1304 1283 1267 1252 1234 1214 1194 1169 1150 1152 1163 1174 1184 1184 1172 1158 1145 1131 1118 1106 1092 1073 1051 1042 1046 1050 1044 1034 1024 1007 992 997 1006 1006 1004 1000 994 984 975 966 958 945 931
716 740 762 788 815 848 887 911 916 924 935 942 958 996 1026 1055 1097 1150 1176 1166 1155 1164 1196 1234 1277 1313 1333 1342 1328 1302 1282 1264 1242 1221 1214 1230 1255 1279 1303 1327 1342 1351 1360 1376 1390 1381 1358 1334 1308 1286 1269 1252 1235 1219 1203 1186 1164 1144 1136 1143 1153 1160 1161 1154 1144 1134 1120 1106 1093 1079 1061 1040 1027 1027 1030 1027 1018 1011 998 983 981 985 987 989 986 979 968 958 950 943 935 927
696 720 747 774 798 827 856 871 869 870 879 894 921 952 974 1001 1042 1089 1126 1127 1122 1135 1170 1204 1243 1283 1311 1332 1334 1314 1293 1276 1256 1234 1223 1238 1264 1287 1308 1329 1346 1357 1366 1379 1385 1368 1346 1321 1295 1275 1258 1240 1224 1210 1195 1179 1160 1141 1126 1123 1126 1131 1133 1128 1121 1112 1097 1082 1067 1053 1042 1032 1026 1022 1017 1011 1004 999 989 980 973 968 969 970 969 964 955 946 943 942 943 939
672 701 730 757 786 811 826 830 821 821 834 853 879 904 930 959 990 1026 1065 1086 1095 1115 1151 1181 1208 1239 1271 1309 1333 1323 1305 1288 1268 1247 1233 1246 1273 1295 1311 1328 1344 1357 1365 1371 1369 1355 1337 1313 1288 1269 1251 1232 1216 1202 1189 1174 1158 1141 1127 1114 1106 1106 1107 1103 1095 1088 1074 1059 1048 1043 1043 1045 1043 1035 1023 1013 1003 999 996 993 984 973 967 965 962 959 957 959 962 963 965 955
656 684 719 753 781 792 793 792 786 799 821 842 864 887 914 941 963 987 1012 1044 1069 1093 1126 1155 1183 1209 1239 1281 1316 1323 1314 1299 1280 1260 1245 1251 1275 1295 1308 1323 1338 1349 1357 1360 1356 1346 1330 1307 1284 1267 1249 1229 1212 1198 1186 1174 1161 1147 1132 1117 1104 1097 1091 1085 1078 1070 1062 1057 1054 1055 1059 1064 1062 1052 1041 1032 1022 1019 1019 1017 1008 995 990 986 979 975 978 986 990 989 984 966
657 673 711 752 775 768 758 760 773 803 834 860 884 913 944 965 979 995 1016 1042 1064 1085 1111 1141 1172 1199 1223 1256 1289 1313 1318 1306 1289 1272 1257 1254 1267 1284 1299 1313 1326 1337 1347 1351 1348 1338 1321 1301 1283 1267 1250 1230 1213 1199 1187 1177 1167 1154 1138 1125 1118 1110 1101 1090 1080 1073 1072 1073 1070 1070 1072 1078 1078 1070 1061 1054 1046 1042 1042 1038 1028 1017 1017 1018 1011 1005 1005 1011 1012 1007 994 975
668 669 699 736 752 742 738 758 786 820 854 885 915 947 984 1008 1021 1037 1060 1078 1093 1107 1126 1147 1171 1194 1214 1240 1274 1304 1318 1312 1299 1284 1270 1262 1263 1274 1291 1305 1316 1327 1339 1345 1343 1333 1316 1298 1284 1271 1255 1238 1222 1207 1196 1187 1174 1160 1150 1145 1137 1127 1116 1107 1099 1094 1094 1093 1088 1086 1088 1091 1091 1088 1083 1076 1069 1062 1060 1058 1047 1037 1040 1043 1038 1033 1029 1029 1026 1018 1003 983
683 675 689 708 716 721 741 779 815 843 873 911 944 976 1010 1032 1049 1060 1072 1084 1104 1124 1141 1157 1174 1190 1205 1230 1269 1303 1322 1322 1312 1300 1287 1277 1271 1279 1295 1308 1317 1327 1337 1344 1342 1333 1319 1302 1288 1276 1264 1250 1235 1221 1209 1195 1183 1177 1171 1165 1155 1144 1134 1125 1118 1113 1114 1112 1108 1108 1110 1111 1110 1108 1103 1096 1089 1081 1077 1077 1067 1058 1062 1063 1059 1053 1046 1042 1036 1027 1013 994
698 683 681 692 706 727 760 802 839 866 891 922 950 973 999 1017 1032 1041 1045 1056 1080 1110 1132 1152 1170 1186 1205 1229 1262 1298 1326 1335 1327 1316 1304 1292 1284 1291 1305 1318 1328 1336 1342 1346 1345 1337 1323 1309 1295 1284 1272 1259 1246 1232 1219 1207 1204 1200 1192 1183 1173 1163 1150 1139 1133 1133 1136 1134 1130 1131 1134 1135 1132 1128 1122 1115 1107 1098 1093 1090 1083 1078 1079 1079 1075 1067 1058 1052 1045 1034 1022 1007
709 690 686 701 722 749 780 814 843 867 886 909 926 942 965 980 992 1001 1010 1025 1049 1078 1107 1135 1163 1186 1208 1231 1255 1290 1327 1345 1341 1329 1317 1303 1296 1303 1316 1331 1343 1347 1350 1352 1350 1340 1328 1315 1305 1295 1281 1268 1254 1239 1227 1227 1228 1221 1209 1199 1189 1177 1163 1152 1151 1154 1158 1156 1154 1153 1156 1155 1150 1143 1137 1131 1124 1117 1111 1106 1101 1096 1093 1091 1085 1077 1070 1063 1055 1044 1031 1018
711 695 701 720 743 768 788 805 820 837 855 882 892 906 929 940 954 969 984 1004 1030 1061 1091 1121 1156 1186 1210 1232 1256 1289 1330 1354 1350 1338 1325 1310 1306 1315 1329 1346 1358 1361 1361 1361 1356 1345 1334 1324 1316 1305 1291 1276 1261 1245 1237 1242 1244 1237 1224 1212 1200 1187 1175 1168 1171 1174 1174 1173 1172 1172 1173 1170 1164 1155 1149 1143 1138 1132 1127 1122 1118 1112 1106 1101 1095 1088 1082 1075 1066 1054 1040 1025
710 699 711 732 754 766 771 781 796 810 822 843 860 878 897 911 928 948 973 998 1026 1059 1090 1119 1155 1189 1215 1237 1261 1290 1329 1357 1357 1345 1330 1318 1318 1327 1343 1363 1376 1377 1374 1371 1367 1356 1344 1335 1326 1315 1299 1283 1264 1249 1248 1256 1257 1251 1239 1224 1211 1199 1190 1188 1191 1191 1188 1187 1187 1187 1185 1180 1174 1166 1160 1156 1151 1146 1140 1134 1129 1123 1115 1109 1103 1097 1091 1084 1074 1062 1046 1030
717 703 710 728 743 750 762 786 813 833 842 848 858 871 888 909 927 948 977 1007 1033 1061 1092 1125 1161 1199 1229 1249 1272 1298 1331 1358 1361 1351 1337 1328 1332 1343 1358 1378 1391 1391 1386 1382 1378 1368 1356 1345 1334 1321 1303 1286 1268 1255 1259 1269 1271 1265 1254 1240 1227 1216 1209 1210 1212 1209 1205 1202 1201 1199 1195 1190 1184 1178 1174 1169 1164 1158 1151 1143 1136 1129 1122 1115 1110 1104 1097 1089 1079 1067 1051 1032
731 716 713 720 729 743 767 798 830 857 874 884 887 897 913 931 946 967 1000 1030 1053 1076 1103 1135 1168 1206 1242 1268 1289 1316 1347 1367 1366 1355 1343 1338 1344 1356 1371 1388 1399 1399 1395 1391 1386 1378 1365 1352 1339 1322 1303 1288 1274 1264 1270 1282 1285 1280 1270 1258 1246 1236 1230 1230 1232 1229 1224 1218 1214 1209 1204 1198 1192 1187 1183 1178 1172 1165 1159 1150 1141 1132 1125 1118 1113 1107 1099 1091 1081 1067 1050 1030
741 730 724 721 723 733 754 785 816 849 889 920 928 933 944 958 971 994 1029 1060 1079 1099 1125 1155 1183 1212 1246 1280 1309 1340 1366 1378 1373 1361 1351 1347 1352 1364 1379 1393 1402 1404 1401 1398 1393 1385 1373 1359 1344 1327 1307 1292 1283 1280 1285 1296 1300 1296 1286 1275 1265 1255 1248 1247 1248 1245 1239 1233 1226 1219 1212 1206 1199 1192 1185 1178 1172 1166 1160 1152 1143 1133 1122 1113 1108 1105 1098 1089 1080 1064 1044 1021
752 745 740 733 730 732 739 760 795 835 887 934 953 963 975 987 1000 1026 1061 1088 1104 1124 1149 1178 1205 1231 1261 1294 1327 1358 1376 1384 1380 1369 1359 1355 1358 1368 1383 1396 1405 1408 1407 1404 1400 1391 1381 1366 1351 1334 1316 1304 1301 1302 1304 1312 1316 1311 1301 1291 1282 1272 1263 1261 1260 1258 1252 1244 1237 1229 1221 1213 1205 1196 1187 1178 1170 1163 1156 1147 1137 1126 1113 1100 1095 1094 1090 1083 1073 1057 1036 1013
768 763 759 753 755 755 748 753 784 824 871 916 944 970 997 1017 1034 1063 1094 1118 1139 1157 1177 1201 1229 1260 1292 1319 1346 1372 1388 1394 1390 1378 1368 1364 1366 1373 1385 1399 1409 1413 1413 1410 1404 1396 1385 1371 1356 1340 1324 1318 1319 1323 1326 1331 1334 1328 1317 1306 1296 1287 1278 1272 1269 1265 1260 1252 1244 1236 1227 1217 1207 1197 1188 1179 1171 1163 1153 1141 1129 1116 1102 1089 1080 1075 1074 1071 1061 1045 1027 1010
789 779 774 774 782 782 766 758 779 815 854 890 927 966 1002 1034 1059 1085 1109 1134 1159 1175 1192 1216 1243 1274 1307 1338 1366 1390 1406 1408 1401 1390 1379 1374 1374 1380 1391 1403 1413 1419 1419 1415 1408 1399 1387 1375 1361 1345 1335 1334 1337 1343 1346 1348 1348 1342 1330 1317 1306 1298 1289 1280 1275 1269 1263 1256 1247 1239 1229 1219 1207 1196 1186 1179 1171 1165 1156 1145 1134 1121 1108 1093 1078 1065 1059 1055 1047 1032 1020 1015
808 795 793 798 804 799 780 766 776 807 841 879 927 970 998 1022 1045 1068 1092 1114 1137 1153 1171 1197 1226 1255 1288 1326 1362 1394 1417 1421 1412 1401 1391 1384 1382 1387 1397 1407 1416 1423 1424 1420 1414 1404 1393 1381 1367 1355 1350 1350 1354 1359 1360 1359 1356 1349 1338 1326 1314 1304 1294 1286 1278 1271 1264 1256 1247 1237 1226 1217 1205 1193 1182 1172 1165 1160 1153 1144 1135 1125 1112 1096 1083 1069 1055 1045 1036 1025 1021 1021
