NlmPy applications/DEM.asc
ncols         400
nrows         400
xllcorner     1297000
yllcorner     5048000
cellsize      50
NODATA_value  -9999
[rows 205 to 245 of 400, columns 276 to 367 of 400]
1405 1404 1399 1395 1391 1386 1379 1369 1356 1343 1330 1316 1302 1286 1271 1260 1249 1238 1229 1219 1209 1199 1185 1172 1161 1144 1126 1110 1092 1076 1072 1078 1079 1067 1051 1036 1023 1012 1001 990 975 956 936 919 906 897 889 883 880 875 869 864 861 860 859 857 855 850 845 844 843 842 842 843 844 844 845 843 844 846 848 853 863 879 903 917 907 886 865 843 822 810 807 810 820 832 842 857 886 919 946 972
1389 1387 1383 1380 1379 1376 1371 1364 1354 1341 1328 1313 1298 1282 1266 1253 1242 1233 1225 1215 1205 1190 1175 1162 1149 1132 1117 1105 1088 1070 1059 1057 1059 1055 1042 1025 1011 997 983 972 961 944 927 914 905 901 897 890 883 876 868 865 867 868 869 868 865 859 854 852 850 848 842 837 837 835 831 824 825 827 827 829 838 853 872 885 875 853 834 819 805 804 809 820 837 856 868 885 913 943 970 995
1373 1371 1365 1362 1363 1363 1361 1357 1350 1339 1326 1312 1297 1281 1264 1250 1239 1229 1220 1210 1198 1181 1163 1149 1135 1123 1111 1100 1085 1070 1052 1036 1034 1035 1023 1006 993 979 966 959 949 936 926 920 915 914 912 905 898 895 889 886 889 890 891 891 888 884 877 871 868 864 854 842 834 828 823 824 825 823 819 817 817 826 844 856 841 819 809 804 803 812 826 844 863 880 894 912 941 969 993 1016
1355 1354 1348 1346 1347 1349 1350 1348 1343 1335 1324 1311 1296 1281 1266 1252 1238 1225 1213 1200 1188 1170 1152 1136 1120 1109 1100 1089 1075 1060 1046 1027 1018 1014 1002 990 983 976 974 973 962 950 943 934 929 933 929 919 915 919 917 913 913 915 915 915 914 911 903 895 887 880 869 855 845 836 837 846 847 842 834 827 815 809 819 829 818 804 802 804 811 826 847 869 890 907 920 942 970 995 1019 1043
1339 1339 1332 1329 1331 1334 1339 1338 1333 1326 1319 1308 1296 1283 1268 1253 1239 1226 1213 1199 1185 1167 1147 1129 1110 1096 1086 1074 1064 1052 1039 1029 1023 1016 1007 1000 997 992 991 991 982 970 960 946 944 952 945 933 932 943 943 939 937 939 940 940 940 936 927 920 913 904 892 881 873 870 876 880 875 867 858 848 829 809 804 806 802 801 806 813 826 847 870 894 917 934 950 977 1005 1026 1049 1071
1324 1324 1316 1311 1312 1318 1326 1327 1322 1316 1311 1304 1294 1282 1269 1256 1245 1233 1220 1205 1189 1169 1144 1124 1106 1092 1085 1078 1070 1058 1050 1048 1045 1035 1025 1020 1016 1010 1006 1005 998 983 967 955 960 969 964 952 949 961 967 966 963 962 963 963 965 959 951 944 938 929 920 914 909 911 913 907 896 885 873 858 837 813 799 797 798 803 811 824 847 872 896 923 946 965 983 1008 1037 1061 1080 1095
1310 1309 1300 1292 1293 1301 1310 1314 1313 1308 1300 1295 1289 1279 1268 1256 1245 1234 1221 1204 1187 1165 1138 1124 1115 1105 1099 1094 1085 1076 1070 1069 1065 1052 1041 1039 1037 1029 1019 1015 1006 985 969 970 980 988 984 974 968 977 988 990 988 986 985 985 987 982 974 966 958 951 950 949 948 947 937 923 908 892 871 848 826 807 796 794 797 804 817 840 869 897 929 960 984 1003 1020 1036 1062 1090 1107 1117
1295 1293 1282 1273 1274 1283 1294 1301 1304 1301 1291 1284 1280 1273 1263 1249 1237 1225 1211 1195 1180 1162 1140 1136 1135 1126 1119 1112 1101 1094 1089 1085 1078 1066 1056 1057 1057 1048 1032 1025 1014 992 984 992 1003 1009 1004 994 989 996 1008 1012 1012 1010 1006 1005 1006 1002 995 988 984 981 982 983 980 965 945 927 910 887 863 838 816 800 793 791 795 806 829 859 891 927 966 1000 1023 1040 1058 1070 1087 1110 1127 1134
1280 1278 1266 1255 1257 1266 1277 1285 1290 1291 1284 1275 1269 1262 1254 1242 1229 1216 1201 1184 1172 1161 1146 1142 1149 1149 1142 1132 1121 1113 1105 1099 1090 1078 1071 1076 1073 1058 1041 1037 1029 1012 1006 1012 1023 1030 1026 1017 1012 1019 1028 1034 1034 1032 1027 1025 1024 1020 1015 1015 1019 1016 1014 1008 994 972 948 926 904 881 858 833 811 796 790 788 795 814 844 880 916 953 993 1026 1048 1070 1094 1110 1121 1129 1139 1146
1267 1266 1254 1242 1242 1249 1257 1263 1270 1276 1275 1268 1259 1250 1243 1234 1223 1211 1196 1178 1161 1152 1145 1144 1157 1164 1158 1147 1138 1130 1120 1112 1099 1088 1089 1091 1080 1061 1052 1051 1044 1033 1029 1031 1041 1052 1053 1046 1041 1045 1052 1054 1052 1053 1055 1052 1046 1041 1039 1043 1048 1043 1033 1017 996 974 952 929 906 884 862 839 818 802 792 785 796 823 855 888 924 961 996 1025 1047 1070 1098 1124 1143 1151 1155 1160
1259 1253 1246 1235 1231 1234 1237 1241 1249 1258 1262 1260 1252 1243 1234 1224 1212 1198 1182 1166 1154 1148 1147 1153 1166 1174 1168 1158 1151 1144 1136 1123 1109 1105 1107 1098 1081 1071 1071 1071 1063 1056 1050 1050 1058 1073 1079 1075 1071 1072 1074 1074 1074 1078 1083 1080 1072 1065 1063 1065 1065 1057 1040 1020 999 978 957 936 916 899 879 856 836 817 798 784 793 822 852 881 913 947 977 1000 1025 1052 1080 1114 1144 1166 1178 1185
1255 1242 1236 1228 1223 1221 1221 1222 1227 1237 1245 1247 1243 1235 1228 1219 1202 1183 1167 1160 1159 1159 1159 1169 1181 1185 1180 1171 1163 1155 1146 1132 1124 1125 1122 1104 1090 1093 1098 1094 1084 1078 1075 1072 1077 1092 1100 1099 1096 1096 1097 1098 1102 1105 1106 1104 1097 1090 1084 1080 1075 1062 1046 1028 1011 991 970 952 934 917 897 873 852 831 807 787 788 812 839 867 896 926 952 978 1009 1044 1076 1110 1140 1167 1190 1208
1252 1240 1235 1231 1227 1222 1216 1211 1210 1215 1223 1228 1227 1220 1216 1210 1194 1173 1164 1168 1173 1172 1171 1183 1195 1198 1192 1185 1176 1166 1156 1145 1144 1145 1136 1117 1106 1115 1124 1118 1107 1102 1099 1096 1101 1112 1120 1122 1121 1122 1122 1123 1126 1129 1128 1122 1114 1105 1094 1085 1077 1067 1054 1039 1024 1006 987 971 952 934 916 891 865 841 816 792 784 799 822 848 878 910 941 971 1009 1046 1076 1107 1133 1155 1178 1206
1253 1250 1248 1245 1242 1235 1224 1214 1204 1201 1203 1206 1204 1199 1196 1193 1183 1173 1176 1186 1192 1188 1184 1196 1209 1212 1206 1199 1192 1183 1170 1159 1163 1167 1152 1133 1122 1134 1143 1137 1126 1121 1117 1114 1122 1133 1141 1144 1145 1146 1146 1147 1149 1150 1144 1134 1122 1108 1093 1079 1068 1060 1051 1038 1024 1008 993 976 955 939 923 903 878 853 828 802 785 791 810 834 867 902 935 968 1004 1038 1066 1091 1115 1134 1156 1191
1262 1266 1266 1261 1253 1242 1229 1218 1207 1201 1198 1195 1191 1186 1183 1180 1179 1184 1196 1206 1212 1207 1200 1208 1223 1230 1226 1218 1209 1198 1187 1178 1185 1188 1174 1153 1142 1152 1159 1155 1144 1139 1136 1133 1143 1157 1163 1167 1168 1167 1168 1169 1167 1163 1152 1139 1123 1107 1091 1075 1060 1046 1036 1025 1012 996 982 968 949 933 919 900 879 856 834 810 787 786 797 820 854 888 921 957 991 1019 1043 1066 1088 1110 1142 1181
1273 1279 1279 1271 1259 1246 1234 1223 1217 1214 1210 1206 1201 1197 1191 1186 1190 1202 1217 1228 1232 1226 1218 1225 1243 1251 1246 1235 1223 1213 1204 1200 1207 1206 1194 1176 1167 1173 1176 1170 1163 1159 1158 1157 1167 1182 1188 1193 1194 1191 1189 1185 1177 1167 1153 1138 1121 1104 1087 1070 1053 1037 1024 1011 998 983 969 954 936 923 911 893 869 844 825 806 788 781 786 804 836 872 903 940 973 995 1013 1038 1065 1097 1137 1174
1285 1291 1288 1280 1268 1256 1245 1235 1232 1232 1231 1227 1223 1218 1210 1203 1209 1224 1240 1251 1253 1247 1241 1248 1263 1269 1261 1247 1234 1225 1219 1221 1226 1220 1205 1190 1189 1196 1196 1189 1184 1181 1181 1184 1195 1208 1216 1221 1222 1217 1208 1196 1184 1169 1153 1136 1117 1100 1081 1061 1043 1027 1011 999 984 967 950 932 917 909 901 884 860 836 820 805 790 779 780 791 817 855 887 923 951 965 983 1013 1052 1091 1130 1158
1297 1301 1296 1288 1279 1269 1257 1248 1244 1243 1242 1241 1239 1235 1226 1220 1229 1245 1263 1274 1275 1270 1264 1268 1280 1282 1273 1260 1247 1237 1232 1238 1242 1231 1216 1208 1216 1223 1223 1217 1210 1205 1208 1217 1226 1235 1242 1246 1243 1233 1218 1202 1186 1171 1154 1135 1115 1096 1077 1056 1034 1015 997 985 970 949 931 913 898 892 885 869 853 840 831 816 797 780 776 780 802 840 873 905 925 941 968 1007 1046 1084 1114 1132
1305 1307 1302 1294 1286 1277 1265 1255 1248 1242 1240 1240 1240 1239 1236 1235 1244 1264 1286 1298 1297 1292 1286 1287 1294 1294 1287 1276 1263 1251 1248 1254 1258 1246 1234 1232 1243 1252 1252 1245 1236 1232 1241 1253 1259 1262 1265 1263 1255 1240 1223 1204 1187 1172 1155 1134 1111 1093 1075 1055 1032 1011 993 979 964 944 927 911 898 889 880 867 858 853 845 828 806 783 773 777 796 827 856 881 906 934 969 1007 1040 1067 1086 1102
1305 1309 1304 1293 1283 1274 1263 1252 1241 1230 1227 1229 1230 1232 1234 1239 1252 1275 1298 1312 1314 1309 1303 1301 1305 1306 1301 1293 1279 1266 1265 1275 1279 1268 1258 1259 1267 1273 1273 1268 1264 1263 1271 1280 1283 1283 1281 1274 1262 1248 1230 1209 1190 1174 1157 1136 1116 1099 1083 1065 1044 1026 1010 995 978 958 942 929 917 910 902 891 881 871 856 836 813 789 774 774 792 817 840 865 900 934 965 995 1018 1037 1055 1080
1292 1300 1294 1283 1270 1258 1246 1234 1222 1211 1209 1213 1213 1212 1216 1226 1247 1273 1297 1315 1326 1323 1316 1313 1316 1320 1318 1309 1295 1286 1285 1293 1296 1288 1281 1279 1281 1284 1285 1287 1288 1289 1294 1297 1297 1295 1290 1280 1268 1254 1240 1221 1200 1183 1166 1152 1136 1119 1102 1087 1068 1047 1029 1013 995 977 964 952 941 934 925 912 899 880 859 838 818 797 776 767 785 815 839 864 897 927 951 974 994 1015 1038 1068
1263 1270 1265 1256 1241 1228 1216 1205 1195 1187 1189 1194 1192 1187 1194 1211 1234 1261 1286 1312 1333 1336 1330 1329 1332 1335 1334 1326 1313 1307 1305 1304 1301 1293 1287 1284 1283 1285 1288 1293 1295 1295 1296 1300 1301 1300 1295 1283 1271 1258 1247 1233 1215 1199 1185 1172 1155 1137 1119 1102 1084 1064 1046 1028 1011 997 985 971 959 948 932 917 902 879 857 837 817 796 774 763 779 810 837 860 888 914 935 956 982 1009 1036 1069
1219 1215 1210 1203 1194 1185 1177 1169 1162 1161 1166 1170 1167 1163 1173 1195 1221 1250 1279 1310 1340 1353 1350 1349 1350 1350 1346 1338 1326 1320 1312 1302 1289 1279 1274 1272 1272 1275 1277 1279 1279 1278 1279 1284 1292 1297 1296 1288 1277 1265 1253 1240 1225 1210 1195 1181 1164 1145 1127 1110 1093 1075 1059 1041 1022 1007 994 979 965 949 930 915 899 876 853 832 811 790 771 762 773 802 830 853 876 903 928 952 982 1012 1042 1078
1179 1173 1167 1162 1157 1151 1145 1137 1133 1136 1142 1144 1141 1144 1162 1189 1216 1248 1285 1319 1352 1371 1368 1364 1361 1356 1348 1337 1326 1316 1304 1288 1271 1258 1252 1251 1252 1253 1253 1252 1252 1253 1256 1263 1272 1283 1290 1288 1279 1266 1252 1239 1226 1210 1196 1182 1166 1148 1130 1113 1094 1076 1061 1044 1025 1006 993 980 965 947 930 913 893 872 848 826 803 784 769 761 770 797 824 848 871 903 932 958 990 1020 1048 1081
1147 1146 1139 1132 1129 1125 1117 1110 1112 1115 1118 1118 1120 1136 1164 1193 1221 1256 1294 1328 1362 1380 1375 1366 1357 1346 1334 1323 1311 1298 1286 1272 1256 1242 1232 1227 1227 1226 1224 1223 1225 1230 1234 1240 1250 1265 1278 1281 1273 1259 1245 1232 1220 1205 1191 1178 1164 1145 1126 1108 1090 1073 1059 1041 1022 1004 992 979 961 940 922 905 885 865 843 822 800 781 767 760 768 794 818 841 869 906 939 966 1000 1031 1058 1080
1114 1113 1109 1101 1099 1097 1091 1090 1094 1096 1095 1098 1111 1137 1167 1198 1229 1265 1302 1336 1371 1384 1375 1362 1348 1332 1318 1305 1294 1280 1265 1252 1238 1226 1215 1206 1202 1200 1197 1195 1198 1205 1212 1215 1227 1248 1266 1270 1262 1250 1237 1224 1209 1195 1183 1170 1154 1136 1117 1101 1085 1071 1056 1038 1021 1005 992 978 956 931 910 893 875 855 836 819 798 780 767 760 765 788 813 838 868 907 941 970 1006 1038 1063 1076
1081 1079 1077 1073 1072 1069 1064 1069 1074 1073 1075 1087 1109 1138 1171 1207 1247 1290 1321 1352 1384 1387 1371 1355 1340 1323 1307 1291 1278 1265 1251 1238 1224 1214 1202 1187 1179 1177 1176 1174 1173 1176 1183 1190 1207 1233 1255 1259 1250 1239 1227 1214 1198 1183 1172 1158 1140 1122 1104 1090 1076 1063 1051 1037 1023 1008 995 977 955 931 908 886 864 844 830 814 795 780 768 760 761 779 806 833 866 903 934 966 1003 1034 1053 1058
1048 1047 1047 1048 1047 1042 1037 1041 1048 1053 1067 1087 1112 1143 1180 1219 1265 1310 1344 1373 1393 1385 1365 1349 1333 1314 1294 1275 1260 1249 1238 1228 1217 1205 1189 1169 1160 1160 1161 1159 1152 1147 1152 1169 1192 1219 1241 1248 1239 1225 1214 1204 1187 1170 1158 1144 1127 1108 1088 1074 1059 1047 1040 1032 1022 1011 997 977 955 934 912 888 863 842 827 810 794 780 768 760 759 771 799 826 858 893 925 957 990 1018 1032 1029
1018 1020 1021 1024 1021 1015 1010 1012 1023 1043 1068 1092 1119 1152 1193 1231 1268 1306 1345 1382 1395 1381 1361 1345 1327 1305 1283 1264 1249 1238 1228 1219 1208 1194 1175 1156 1144 1142 1142 1142 1132 1120 1127 1153 1178 1202 1226 1236 1230 1216 1203 1191 1173 1156 1144 1131 1114 1096 1076 1058 1043 1029 1021 1015 1010 1005 994 977 958 937 914 892 873 854 837 818 798 782 768 759 758 768 792 818 848 885 918 943 968 994 1007 1001
995 995 996 997 995 989 987 994 1011 1038 1069 1101 1134 1172 1211 1249 1287 1315 1344 1377 1387 1373 1356 1342 1323 1300 1278 1259 1244 1233 1224 1212 1199 1184 1167 1150 1135 1124 1122 1123 1112 1099 1111 1137 1163 1185 1207 1219 1218 1207 1193 1178 1159 1143 1130 1116 1100 1086 1069 1050 1033 1016 1001 991 986 987 985 976 960 939 920 904 888 869 849 828 805 786 770 759 757 765 784 807 837 874 902 923 948 974 984 974
970 970 969 968 965 965 972 989 1012 1039 1072 1113 1155 1194 1228 1266 1308 1344 1372 1386 1380 1364 1350 1337 1321 1299 1279 1263 1246 1232 1221 1207 1191 1177 1162 1145 1127 1111 1103 1101 1090 1080 1094 1121 1148 1171 1188 1199 1202 1196 1183 1168 1150 1133 1117 1102 1087 1075 1060 1042 1024 1007 991 976 963 959 961 965 959 944 930 915 897 875 853 832 812 791 773 760 756 759 770 792 822 855 881 905 933 955 958 943
944 946 945 943 942 949 968 994 1025 1056 1086 1126 1170 1212 1246 1277 1315 1361 1393 1396 1378 1360 1344 1331 1316 1299 1282 1266 1247 1230 1217 1202 1186 1172 1158 1136 1115 1099 1088 1080 1068 1063 1081 1107 1133 1155 1169 1177 1183 1182 1174 1160 1141 1122 1105 1089 1072 1058 1045 1028 1011 997 983 965 947 934 930 939 944 936 925 913 897 875 855 836 819 798 777 762 755 755 759 777 806 834 859 887 915 932 930 913
916 921 923 924 931 949 976 1004 1040 1075 1105 1142 1188 1231 1267 1299 1329 1367 1397 1395 1376 1359 1342 1326 1308 1292 1279 1265 1248 1231 1215 1197 1181 1169 1154 1133 1112 1091 1075 1061 1047 1045 1066 1093 1119 1139 1146 1152 1162 1169 1165 1151 1131 1111 1096 1081 1061 1041 1025 1010 998 987 973 954 934 917 906 909 916 913 905 897 886 870 854 839 823 803 783 765 755 752 754 768 794 815 836 863 889 906 903 885
893 900 908 917 935 964 992 1020 1054 1090 1125 1166 1211 1256 1291 1323 1356 1380 1398 1391 1373 1356 1339 1320 1299 1283 1272 1260 1246 1229 1209 1191 1177 1167 1155 1140 1116 1087 1064 1045 1029 1029 1050 1077 1102 1118 1121 1128 1143 1157 1156 1142 1124 1104 1089 1075 1057 1033 1011 995 986 978 960 940 921 901 887 881 886 887 881 874 865 853 841 831 818 802 784 768 756 749 750 759 778 794 809 831 859 878 874 855
884 895 909 930 956 982 1010 1040 1067 1099 1137 1178 1222 1269 1308 1344 1380 1400 1404 1388 1368 1350 1333 1313 1292 1277 1265 1250 1235 1221 1203 1186 1173 1163 1155 1141 1118 1089 1063 1039 1018 1015 1033 1057 1079 1090 1095 1108 1128 1145 1148 1136 1117 1097 1082 1068 1051 1031 1008 990 977 964 946 926 907 886 870 858 853 857 858 854 845 831 818 809 799 787 774 763 754 746 744 747 757 769 782 800 825 845 841 825
897 908 920 941 970 992 1019 1051 1077 1106 1142 1176 1214 1257 1296 1335 1374 1399 1402 1383 1363 1344 1327 1306 1287 1272 1258 1240 1224 1212 1197 1178 1165 1152 1142 1129 1113 1092 1068 1040 1013 1003 1015 1035 1053 1060 1070 1092 1117 1137 1140 1127 1109 1091 1075 1059 1042 1025 1006 989 969 948 930 915 897 876 858 842 827 824 832 834 825 808 793 781 773 767 761 757 754 747 741 740 743 748 755 771 792 810 809 801
917 931 939 947 969 993 1019 1050 1080 1111 1149 1181 1210 1244 1279 1311 1349 1385 1393 1376 1356 1337 1319 1299 1282 1268 1254 1238 1221 1204 1190 1169 1153 1137 1120 1106 1095 1084 1067 1041 1013 995 998 1013 1025 1033 1051 1079 1108 1131 1132 1117 1100 1083 1067 1053 1038 1021 1004 986 963 936 916 904 888 870 853 839 823 809 805 806 799 783 770 765 764 764 766 766 765 758 748 744 741 740 741 749 763 778 781 790
939 958 969 970 985 1008 1029 1050 1079 1115 1152 1189 1217 1245 1275 1304 1339 1374 1382 1367 1347 1328 1309 1293 1282 1271 1256 1239 1221 1200 1181 1161 1142 1122 1102 1086 1074 1065 1057 1041 1019 995 985 990 997 1011 1038 1073 1104 1125 1123 1107 1092 1078 1063 1047 1033 1016 999 983 961 936 915 899 884 872 859 848 835 815 794 785 779 770 770 779 785 790 793 789 783 775 764 755 749 744 740 740 744 750 758 779
964 984 999 1002 1010 1034 1059 1076 1093 1120 1151 1187 1223 1256 1287 1313 1343 1371 1374 1358 1342 1325 1309 1297 1286 1272 1255 1235 1214 1192 1171 1154 1134 1110 1090 1073 1057 1043 1037 1033 1023 1003 983 971 975 999 1030 1072 1105 1118 1114 1100 1086 1072 1057 1041 1026 1011 995 977 955 938 924 910 895 882 868 854 840 817 791 780 780 782 791 807 820 823 822 814 805 797 786 773 762 754 746 740 739 739 744 755
1001 1018 1031 1034 1033 1053 1085 1111 1127 1147 1175 1204 1235 1271 1307 1335 1361 1378 1373 1359 1345 1330 1314 1298 1281 1262 1242 1223 1203 1183 1164 1147 1128 1105 1083 1063 1043 1023 1013 1013 1013 1000 978 959 963 992 1025 1066 1093 1098 1095 1090 1081 1066 1049 1033 1019 1005 989 968 947 933 925 915 900 885 868 851 831 806 787 791 801 809 818 830 846 851 847 840 829 819 808 795 781 772 761 750 745 740 739 740
1046 1060 1071 1070 1061 1070 1097 1127 1153 1180 1208 1233 1259 1294 1328 1362 1387 1391 1379 1363 1346 1329 1310 1289 1269 1247 1227 1209 1190 1171 1155 1140 1122 1099 1076 1055 1035 1015 997 987 986 980 962 945 957 991 1025 1055 1071 1072 1069 1066 1064 1056 1041 1026 1010 996 981 961 940 923 916 908 894 876 853 831 809 791 792 812 826 839 850 856 867 875 872 864 852 839 828 817 804 792 777 767 758 747 740 738
