NlmPy applications/DEM.asc
ncols         400
nrows         400
xllcorner     1297000
yllcorner     5048000
cellsize      50
NODATA_value  -9999
[rows 0 to 40 of 400, columns 276 to 367 of 400]
1494 1498 1512 1532 1556 1583 1609 1630 1640 1646 1660 1670 1658 1643 1636 1635 1642 1659 1680 1684 1689 1704 1729 1763 1791 1780 1740 1700 1669 1642 1618 1596 1575 1557 1549 1553 1564 1575 1592 1598 1590 1580 1569 1559 1553 1559 1582 1616 1620 1593 1567 1545 1515 1485 1453 1421 1386 1352 1320 1290 1260 1228 1199 1179 1164 1152 1142 1136 1119 1103 1092 1080 1068 1064 1069 1075 1086 1104 1124 1148 1176 1205 1234 1265 1299 1339 1383 1425 1462 1494 1532 1560
1528 1533 1546 1563 1584 1606 1616 1612 1605 1607 1623 1637 1628 1613 1608 1610 1616 1631 1652 1662 1669 1688 1716 1756 1787 1778 1736 1695 1663 1637 1611 1586 1563 1545 1534 1532 1536 1546 1565 1578 1568 1560 1554 1542 1534 1539 1558 1591 1605 1574 1544 1528 1508 1485 1457 1427 1397 1364 1332 1302 1273 1241 1209 1183 1157 1133 1116 1106 1096 1084 1075 1063 1050 1051 1059 1064 1080 1100 1121 1146 1174 1202 1230 1259 1296 1341 1387 1429 1461 1492 1531 1554
1540 1537 1547 1564 1589 1607 1601 1582 1572 1571 1583 1598 1598 1587 1582 1584 1592 1607 1631 1647 1657 1677 1708 1751 1785 1780 1737 1693 1658 1631 1605 1577 1551 1533 1519 1512 1514 1523 1544 1564 1554 1540 1534 1524 1515 1519 1536 1566 1584 1552 1521 1501 1478 1458 1437 1419 1399 1370 1338 1310 1280 1249 1220 1193 1167 1137 1108 1088 1073 1062 1056 1047 1036 1038 1046 1055 1076 1097 1119 1145 1172 1198 1225 1254 1287 1327 1371 1411 1440 1475 1521 1550
1516 1508 1515 1532 1558 1578 1571 1553 1543 1539 1542 1555 1567 1564 1560 1562 1570 1588 1615 1635 1646 1664 1695 1734 1771 1775 1738 1692 1654 1625 1597 1568 1542 1524 1510 1498 1495 1501 1522 1551 1546 1528 1517 1509 1500 1500 1513 1539 1554 1529 1500 1474 1450 1429 1408 1393 1384 1361 1331 1305 1277 1246 1219 1192 1169 1143 1117 1091 1067 1047 1032 1026 1022 1026 1034 1050 1072 1093 1118 1145 1172 1200 1228 1257 1284 1314 1350 1391 1431 1469 1513 1543
1486 1476 1484 1501 1524 1541 1539 1524 1511 1505 1507 1518 1533 1539 1541 1542 1548 1567 1596 1618 1632 1650 1677 1710 1744 1756 1735 1694 1653 1620 1590 1563 1537 1519 1507 1493 1480 1479 1496 1532 1537 1520 1505 1496 1489 1483 1486 1505 1521 1509 1479 1450 1424 1402 1380 1364 1354 1335 1310 1286 1262 1236 1207 1180 1160 1137 1114 1092 1068 1041 1020 1008 1004 1011 1024 1045 1067 1091 1120 1151 1182 1214 1243 1270 1296 1324 1354 1390 1432 1468 1508 1535
1461 1447 1455 1477 1497 1503 1501 1490 1477 1474 1477 1484 1494 1507 1516 1521 1528 1545 1572 1600 1619 1637 1663 1692 1717 1722 1711 1685 1651 1617 1585 1555 1531 1515 1504 1491 1472 1463 1476 1511 1531 1515 1497 1487 1478 1465 1459 1468 1483 1483 1459 1430 1405 1381 1357 1336 1318 1301 1280 1257 1236 1217 1190 1164 1143 1120 1098 1079 1056 1031 1011 994 989 999 1018 1039 1064 1094 1131 1166 1200 1234 1263 1291 1323 1352 1378 1404 1436 1471 1507 1528
1437 1423 1428 1450 1468 1466 1462 1453 1446 1444 1446 1453 1465 1478 1488 1497 1510 1529 1557 1589 1606 1626 1654 1679 1685 1680 1669 1653 1634 1611 1581 1548 1523 1509 1498 1484 1464 1451 1461 1494 1524 1511 1490 1476 1464 1448 1438 1437 1438 1442 1434 1414 1392 1366 1334 1308 1290 1271 1248 1227 1210 1194 1171 1143 1120 1099 1082 1065 1043 1019 997 981 982 994 1011 1034 1065 1099 1137 1169 1202 1239 1274 1307 1348 1383 1411 1430 1453 1478 1496 1508
1416 1401 1403 1421 1436 1433 1427 1419 1416 1417 1418 1426 1440 1454 1463 1474 1494 1517 1551 1585 1594 1613 1648 1665 1654 1644 1633 1618 1604 1594 1576 1545 1518 1502 1489 1472 1453 1440 1444 1470 1505 1501 1479 1463 1450 1434 1421 1414 1405 1401 1402 1393 1379 1353 1317 1290 1269 1245 1221 1202 1187 1174 1154 1125 1101 1083 1070 1056 1035 1009 982 969 975 989 1006 1031 1061 1093 1124 1158 1198 1238 1274 1310 1356 1397 1422 1433 1447 1454 1462 1477
1390 1376 1374 1387 1403 1401 1395 1391 1391 1393 1396 1403 1417 1429 1438 1451 1474 1502 1536 1566 1577 1599 1637 1652 1630 1616 1606 1592 1576 1566 1559 1538 1512 1493 1474 1456 1440 1428 1427 1445 1478 1486 1467 1448 1435 1421 1404 1394 1386 1375 1366 1361 1354 1338 1305 1274 1247 1223 1204 1186 1171 1158 1140 1115 1089 1073 1061 1046 1026 1000 972 960 968 983 1007 1037 1065 1093 1123 1160 1202 1239 1273 1310 1356 1387 1394 1400 1413 1412 1418 1439
1366 1350 1346 1355 1369 1368 1363 1362 1367 1372 1375 1380 1392 1404 1413 1427 1449 1477 1506 1535 1554 1583 1625 1645 1621 1596 1583 1571 1554 1541 1534 1523 1502 1480 1460 1444 1428 1416 1411 1422 1451 1471 1458 1438 1422 1407 1390 1376 1368 1360 1346 1328 1317 1312 1294 1260 1225 1204 1191 1176 1161 1146 1132 1111 1085 1065 1050 1035 1016 991 964 952 962 981 1011 1046 1080 1112 1143 1176 1211 1247 1283 1320 1349 1357 1351 1356 1371 1370 1375 1395
1344 1326 1319 1326 1336 1337 1335 1338 1345 1348 1352 1358 1368 1378 1387 1400 1420 1446 1478 1510 1531 1560 1605 1635 1622 1591 1571 1556 1539 1526 1519 1511 1495 1471 1451 1435 1417 1404 1395 1400 1427 1460 1450 1424 1406 1390 1374 1357 1346 1339 1328 1311 1294 1284 1275 1246 1210 1190 1179 1168 1155 1141 1126 1108 1086 1064 1044 1026 1007 982 955 944 957 980 1008 1041 1078 1119 1159 1197 1228 1260 1296 1320 1325 1316 1312 1317 1327 1329 1338 1357
1323 1307 1298 1297 1303 1307 1309 1314 1321 1325 1334 1342 1344 1353 1362 1371 1389 1423 1464 1493 1507 1526 1567 1606 1615 1586 1559 1539 1524 1515 1506 1501 1493 1468 1445 1429 1411 1392 1378 1380 1406 1446 1447 1416 1391 1373 1355 1335 1321 1315 1305 1294 1279 1264 1253 1233 1203 1183 1170 1158 1147 1134 1120 1106 1088 1065 1044 1023 1003 977 949 939 955 981 1008 1039 1072 1109 1149 1193 1233 1264 1286 1290 1285 1276 1274 1279 1286 1290 1304 1325
1298 1290 1282 1274 1274 1284 1292 1297 1303 1312 1324 1324 1319 1327 1334 1342 1364 1404 1445 1467 1478 1494 1528 1573 1597 1578 1547 1521 1504 1496 1487 1480 1477 1461 1434 1418 1402 1382 1362 1361 1384 1422 1444 1420 1387 1363 1338 1315 1296 1287 1278 1267 1256 1244 1233 1221 1199 1178 1162 1149 1136 1123 1110 1098 1081 1059 1038 1017 997 974 948 936 954 986 1021 1055 1086 1116 1150 1192 1233 1263 1268 1252 1240 1235 1234 1239 1245 1250 1265 1292
1268 1267 1264 1258 1260 1271 1282 1290 1299 1310 1316 1303 1295 1302 1307 1316 1344 1387 1421 1435 1447 1468 1505 1551 1585 1573 1538 1508 1491 1479 1466 1457 1454 1448 1422 1402 1388 1370 1349 1343 1360 1390 1425 1423 1392 1364 1334 1308 1285 1265 1250 1237 1228 1218 1209 1201 1188 1171 1153 1137 1122 1108 1096 1082 1065 1044 1022 1003 986 967 942 931 953 987 1027 1068 1106 1143 1175 1208 1240 1258 1246 1222 1204 1196 1198 1203 1205 1209 1232 1275
1236 1237 1239 1242 1249 1260 1274 1286 1295 1304 1302 1280 1271 1276 1281 1297 1332 1368 1389 1401 1416 1443 1485 1527 1563 1563 1525 1495 1480 1465 1449 1437 1432 1433 1414 1390 1374 1360 1339 1326 1336 1357 1389 1413 1402 1375 1344 1316 1293 1266 1240 1220 1205 1192 1181 1171 1164 1155 1138 1119 1103 1090 1075 1058 1044 1026 1007 989 972 954 932 930 957 989 1027 1067 1109 1155 1192 1224 1247 1242 1217 1195 1173 1161 1163 1166 1166 1177 1216 1262
1206 1207 1213 1223 1233 1246 1260 1272 1280 1285 1276 1254 1246 1248 1256 1284 1316 1341 1357 1370 1388 1417 1456 1490 1525 1542 1512 1478 1459 1445 1432 1420 1411 1408 1404 1386 1367 1353 1332 1312 1314 1331 1359 1394 1408 1388 1357 1328 1303 1273 1241 1215 1194 1174 1154 1140 1129 1124 1113 1092 1075 1062 1048 1035 1025 1011 995 977 958 940 924 935 968 1001 1033 1064 1100 1144 1188 1228 1240 1216 1189 1166 1144 1127 1125 1126 1132 1159 1203 1233
1179 1179 1187 1200 1211 1224 1237 1249 1260 1263 1249 1229 1221 1221 1238 1269 1291 1308 1327 1347 1365 1392 1426 1459 1494 1523 1504 1466 1440 1428 1416 1403 1390 1381 1380 1375 1357 1342 1323 1299 1294 1309 1333 1367 1400 1392 1360 1334 1309 1276 1242 1214 1192 1169 1143 1119 1099 1087 1078 1062 1046 1033 1023 1015 1005 992 978 962 945 926 919 940 978 1016 1048 1077 1112 1151 1189 1220 1220 1196 1163 1138 1117 1098 1089 1091 1109 1144 1177 1194
1155 1156 1162 1173 1183 1198 1212 1226 1240 1244 1229 1210 1197 1197 1220 1246 1263 1283 1307 1325 1343 1369 1400 1436 1478 1513 1503 1463 1432 1418 1406 1389 1372 1359 1352 1346 1336 1327 1309 1284 1272 1287 1309 1339 1377 1380 1351 1327 1304 1272 1239 1213 1192 1171 1148 1123 1090 1060 1043 1030 1020 1009 997 988 977 967 959 948 932 912 914 948 991 1028 1066 1100 1131 1158 1188 1202 1192 1176 1146 1114 1087 1067 1055 1062 1091 1122 1139 1149
1125 1128 1137 1146 1157 1173 1188 1204 1222 1228 1213 1189 1171 1171 1191 1216 1244 1271 1290 1301 1323 1349 1381 1419 1466 1507 1502 1462 1427 1408 1395 1376 1357 1343 1334 1324 1315 1310 1292 1265 1252 1263 1286 1312 1348 1361 1332 1307 1285 1257 1229 1206 1188 1171 1148 1121 1088 1056 1031 1012 997 982 965 957 952 947 941 933 916 898 911 952 999 1042 1084 1110 1122 1142 1169 1170 1156 1141 1123 1092 1059 1035 1023 1037 1065 1088 1099 1105
1093 1099 1111 1121 1133 1152 1171 1189 1208 1212 1194 1167 1147 1148 1171 1203 1236 1256 1265 1281 1305 1335 1371 1411 1458 1498 1494 1454 1417 1393 1378 1362 1346 1331 1320 1309 1298 1292 1275 1250 1235 1243 1263 1290 1325 1344 1318 1289 1260 1236 1215 1196 1178 1160 1136 1107 1080 1055 1033 1013 993 970 948 933 928 925 921 912 895 888 908 952 1000 1042 1069 1079 1092 1123 1148 1136 1115 1099 1090 1069 1037 1010 995 1010 1033 1050 1064 1077
1069 1074 1084 1099 1120 1142 1165 1181 1187 1186 1172 1145 1125 1138 1169 1201 1224 1234 1244 1266 1291 1323 1363 1409 1449 1474 1473 1438 1401 1376 1359 1347 1337 1321 1304 1290 1277 1274 1265 1242 1223 1223 1242 1270 1307 1330 1312 1280 1248 1227 1210 1192 1172 1149 1123 1096 1072 1050 1030 1015 1001 979 952 926 907 900 896 887 878 889 917 958 1003 1025 1025 1034 1060 1100 1126 1109 1079 1061 1060 1051 1024 996 971 979 999 1016 1037 1049
1048 1052 1061 1084 1113 1136 1154 1161 1158 1156 1147 1121 1104 1124 1158 1183 1199 1210 1229 1256 1283 1314 1355 1399 1425 1437 1443 1423 1389 1361 1343 1333 1325 1311 1291 1270 1251 1243 1235 1219 1202 1200 1222 1251 1289 1317 1308 1279 1251 1231 1212 1191 1169 1145 1117 1091 1068 1048 1028 1013 1001 981 955 929 904 883 872 863 866 897 931 964 986 985 982 998 1032 1068 1097 1088 1056 1033 1031 1032 1012 984 952 943 959 986 1011 1017
1029 1033 1043 1067 1095 1112 1126 1130 1126 1124 1116 1094 1082 1104 1130 1150 1170 1190 1220 1250 1278 1310 1347 1376 1386 1394 1406 1406 1381 1349 1328 1318 1311 1302 1282 1254 1227 1209 1196 1183 1173 1178 1203 1234 1268 1298 1301 1284 1262 1240 1216 1190 1168 1144 1117 1093 1071 1050 1031 1014 999 980 956 933 908 882 864 849 855 891 928 956 957 946 947 971 1001 1030 1061 1067 1043 1016 1000 1000 990 964 931 911 924 959 986 987
1009 1012 1022 1046 1069 1080 1091 1094 1092 1090 1082 1064 1060 1081 1102 1128 1157 1185 1216 1248 1275 1305 1330 1341 1344 1353 1367 1376 1367 1339 1316 1304 1297 1289 1270 1239 1208 1184 1165 1152 1150 1164 1192 1222 1253 1283 1301 1293 1274 1248 1221 1196 1174 1153 1127 1104 1081 1060 1043 1026 1009 989 965 939 914 890 873 852 842 863 902 934 931 914 918 942 966 993 1022 1034 1025 998 971 965 964 942 912 888 893 925 953 953
990 992 1003 1026 1043 1048 1057 1060 1061 1059 1049 1035 1041 1064 1094 1129 1158 1185 1215 1245 1265 1287 1305 1303 1303 1315 1332 1342 1341 1325 1306 1293 1285 1273 1249 1218 1189 1163 1142 1133 1139 1160 1190 1222 1252 1288 1314 1307 1284 1254 1226 1206 1188 1169 1148 1123 1098 1077 1060 1040 1019 997 973 946 922 898 881 858 835 835 865 899 903 888 891 907 927 955 977 992 991 969 943 935 942 929 901 872 866 890 916 916
972 975 991 1011 1012 1012 1021 1027 1030 1026 1013 1008 1030 1066 1101 1132 1157 1184 1211 1235 1241 1255 1274 1268 1264 1275 1296 1309 1311 1302 1286 1276 1266 1250 1226 1197 1169 1144 1124 1122 1137 1161 1193 1225 1259 1300 1329 1318 1292 1263 1237 1220 1205 1187 1166 1141 1114 1092 1072 1050 1027 1004 981 956 933 906 884 862 838 822 832 858 871 862 862 872 890 917 939 953 953 938 914 906 919 918 891 862 845 856 880 883
955 963 984 995 983 978 988 994 995 990 985 998 1034 1069 1096 1123 1149 1175 1199 1210 1212 1225 1243 1241 1238 1245 1262 1273 1274 1270 1257 1245 1236 1223 1202 1175 1151 1125 1109 1118 1139 1165 1197 1229 1264 1310 1340 1328 1302 1277 1254 1237 1221 1202 1177 1151 1126 1103 1081 1058 1036 1013 989 966 945 915 889 866 845 822 812 822 833 831 831 840 858 881 905 919 919 905 885 876 889 896 877 852 827 827 846 852
940 953 973 974 959 952 960 966 964 959 975 1005 1037 1063 1087 1114 1142 1160 1170 1174 1179 1195 1215 1218 1219 1223 1232 1238 1236 1234 1223 1210 1201 1191 1175 1154 1130 1107 1100 1117 1143 1171 1203 1235 1271 1317 1347 1338 1317 1296 1273 1251 1230 1210 1182 1155 1133 1109 1088 1067 1046 1021 996 973 952 927 900 879 858 836 814 798 796 795 797 807 824 847 868 881 880 870 859 851 858 870 861 839 812 801 816 822
926 945 958 948 934 930 936 939 936 943 975 1008 1037 1062 1088 1118 1137 1135 1134 1137 1145 1157 1179 1194 1199 1198 1200 1204 1199 1199 1193 1178 1170 1164 1152 1131 1107 1091 1096 1118 1146 1179 1212 1246 1284 1324 1354 1354 1337 1310 1283 1258 1233 1209 1184 1160 1139 1117 1095 1076 1054 1028 1001 976 955 935 912 891 872 852 828 801 782 770 764 766 782 802 819 831 834 832 830 827 830 842 845 828 802 781 783 791
916 937 943 925 912 908 911 913 920 944 976 1009 1041 1064 1087 1111 1121 1107 1100 1099 1108 1121 1153 1178 1177 1168 1162 1165 1161 1163 1163 1148 1142 1139 1128 1106 1084 1079 1095 1119 1148 1183 1219 1257 1294 1331 1363 1366 1343 1313 1287 1263 1236 1209 1188 1168 1147 1127 1105 1085 1061 1034 1008 984 963 942 920 900 883 867 845 818 797 781 765 747 746 760 776 788 794 793 795 797 800 816 826 813 794 771 758 758
902 922 923 902 889 887 893 904 925 956 984 1011 1039 1057 1065 1077 1090 1077 1060 1055 1069 1102 1142 1163 1155 1140 1126 1126 1123 1122 1127 1117 1113 1112 1103 1082 1063 1069 1094 1120 1151 1186 1221 1258 1294 1334 1370 1369 1342 1315 1292 1267 1240 1216 1196 1178 1158 1137 1117 1095 1071 1048 1025 1000 978 956 935 916 898 882 863 841 819 802 785 760 737 731 740 750 754 752 753 757 769 793 801 785 768 753 740 732
887 900 898 875 866 879 898 919 944 967 984 1001 1019 1026 1027 1038 1056 1046 1023 1016 1041 1080 1119 1140 1133 1115 1095 1089 1086 1081 1089 1086 1083 1085 1079 1059 1047 1063 1094 1124 1160 1201 1240 1280 1314 1347 1378 1373 1346 1321 1298 1274 1248 1227 1209 1191 1171 1151 1134 1111 1086 1063 1042 1018 995 973 954 939 920 900 881 861 840 821 803 779 756 737 726 722 719 715 715 726 749 772 770 746 726 722 721 724
878 876 872 853 857 879 905 932 954 966 967 970 981 984 988 1005 1021 1011 989 984 1015 1051 1088 1114 1114 1095 1070 1054 1047 1044 1057 1058 1058 1061 1053 1036 1035 1060 1094 1129 1167 1213 1265 1310 1341 1369 1388 1377 1352 1328 1304 1281 1258 1238 1220 1205 1186 1167 1150 1130 1103 1078 1054 1032 1012 990 973 959 941 918 895 875 852 834 816 794 775 758 741 729 719 703 689 703 727 736 729 712 706 715 722 736
873 859 845 833 849 875 907 937 957 960 946 939 947 951 955 971 984 973 955 955 989 1025 1055 1080 1088 1076 1049 1024 1013 1011 1023 1029 1034 1034 1022 1016 1029 1058 1092 1128 1163 1207 1264 1311 1345 1378 1385 1370 1350 1330 1310 1294 1277 1260 1242 1224 1205 1183 1162 1141 1115 1091 1068 1046 1028 1008 990 974 955 930 903 883 860 840 823 803 786 772 755 739 721 694 677 684 696 697 698 704 719 739 745 750
866 848 825 817 841 875 906 928 943 949 932 915 917 922 924 940 951 938 924 931 963 994 1025 1047 1054 1049 1030 1002 985 984 994 1004 1010 1007 999 1008 1034 1068 1103 1134 1164 1201 1252 1297 1332 1360 1361 1346 1332 1318 1311 1309 1301 1286 1265 1242 1216 1191 1169 1148 1126 1106 1085 1064 1043 1022 1002 982 961 933 905 885 863 841 822 801 783 764 745 727 701 674 669 679 691 704 720 735 753 768 771 768
855 837 815 810 840 871 890 905 923 936 922 897 889 892 894 909 923 911 897 907 934 967 999 1016 1017 1015 1007 983 960 958 971 983 987 982 987 1013 1046 1085 1124 1157 1185 1216 1257 1300 1333 1345 1334 1317 1301 1288 1283 1284 1285 1278 1266 1250 1226 1202 1182 1161 1140 1117 1096 1075 1050 1026 1005 981 956 928 899 878 858 836 813 790 767 742 719 699 674 665 677 698 720 744 766 782 794 803 809 803
844 821 801 806 833 853 870 895 923 936 917 885 868 864 865 881 901 892 875 888 920 951 976 982 978 979 977 960 937 935 950 960 959 963 987 1025 1063 1108 1151 1186 1216 1243 1278 1317 1336 1326 1308 1289 1270 1255 1245 1239 1235 1234 1237 1241 1231 1213 1196 1175 1150 1122 1098 1075 1049 1023 1000 974 945 917 887 865 848 826 801 775 752 726 695 671 664 677 698 719 746 777 808 832 842 848 849 840
838 804 785 795 815 833 860 891 919 928 910 880 856 842 839 858 880 870 858 879 909 933 949 949 943 942 942 930 913 913 926 936 944 963 997 1037 1080 1128 1178 1220 1254 1281 1315 1336 1324 1303 1283 1259 1240 1224 1209 1200 1193 1191 1195 1208 1207 1195 1189 1174 1148 1121 1093 1066 1040 1015 989 963 935 907 878 856 838 816 791 767 746 720 685 661 667 691 713 737 769 805 849 881 895 893 886 873
838 801 778 783 801 820 843 866 886 900 898 874 849 827 818 833 851 847 845 868 893 910 918 917 912 909 907 900 890 894 909 927 948 975 1007 1044 1085 1131 1182 1234 1279 1311 1340 1335 1306 1282 1259 1233 1213 1197 1184 1173 1165 1157 1154 1160 1161 1157 1165 1158 1137 1111 1082 1053 1029 1004 977 948 923 899 874 850 828 807 785 764 743 714 681 657 665 696 725 755 787 825 869 908 934 932 921 907
842 807 778 770 784 801 816 831 851 872 881 862 835 812 799 809 826 827 828 852 878 888 885 887 883 879 877 873 872 887 909 933 958 982 1009 1042 1079 1121 1164 1210 1260 1306 1337 1321 1293 1267 1241 1215 1196 1178 1163 1150 1139 1123 1115 1118 1118 1114 1125 1130 1118 1097 1070 1041 1018 993 965 934 910 887 863 838 817 798 777 756 732 700 668 649 662 698 733 767 801 840 880 922 959 972 962 946
844 814 785 764 762 773 784 799 823 846 862 852 826 803 787 792 807 808 816 841 865 865 855 856 854 851 850 851 862 885 907 933 964 996 1025 1054 1087 1123 1164 1206 1252 1294 1318 1302 1279 1251 1224 1203 1186 1167 1146 1130 1115 1093 1080 1081 1081 1073 1078 1093 1096 1082 1056 1026 1002 975 948 921 896 871 846 824 804 784 762 739 709 678 652 646 671 707 740 775 812 854 893 931 972 1000 1001 984
